0;0;0;0;0;0;0;0;0,0;0;0;0;0;0;0;0;0,0;0;0;0;0;0;0;0;0,0;60;60;60;60;60;60;60;0,0;42;0;42;42;0;42;42;0,0;43;0;43;43;43;0;43;0,0;43;0;43;43;43;0;43;0,0;44;44;0;0;0;44;44;0,0;45;45;45;45;45;45;45;0
0;0;0;0;0;0;0;0;0,0;0;0;0;0;0;0;0;0,0;0;0;0;0;0;0;0;0,0;0;0;0;0;48;0;0;0,0;48;0;48;48;48;48;0;0,0;49;49;49;49;49;49;49;0,0;50;50;50;50;0;50;50;0,0;51;0;51;51;51;51;0;51,0;0;0;0;0;52;0;0;0
0;0;0;0;0;0;0;0;0,0;0;0;0;0;0;0;0;0,0;0;0;0;0;0;0;0;0,0;0;0;48;0;48;0;0;0,0;0;0;48;48;48;0;0;0,0;0;49;49;49;49;49;0;0,0;50;50;0;0;0;50;50;0,0;0;51;51;51;51;51;0;0,0;0;0;52;52;52;0;0;0
0;0;0;0;0;0;0;0;0,0;0;0;0;0;0;0;0;0,0;0;0;0;0;0;0;0;0,0;50;50;50;50;50;50;50;0,0;60;60;60;60;60;60;60;0,0;59;0;0;0;0;0;59;0,0;58;58;58;0;58;58;58;0,0;0;0;0;0;0;0;0;0,0;80;80;80;80;80;80;80;0
0;0;0;0;0;0;0;0;0,0;0;0;0;0;0;0;0;0,0;0;0;0;0;0;0;0;0,0;56;0;0;0;0;0;56;0,0;57;57;57;57;57;0;57;0,0;58;0;0;0;0;0;58;0,0;59;0;59;59;59;59;59;0,0;60;0;0;0;0;0;60;0,0;60;60;60;60;60;60;60;0
0;0;0;0;0;0;0;0;0,0;0;0;0;0;0;0;0;0,0;0;0;0;0;0;0;0;0,0;48;48;48;0;48;48;48;0,0;48;0;48;60;48;0;48;0,0;48;48;48;0;48;48;48;0,0;0;0;0;0;0;60;0;0,0;0;0;0;60;60;60;0;0,0;0;0;0;0;0;60;0;0
0;0;0;0;0;0;0;0;0,0;0;0;0;0;0;0;0;0,0;0;0;0;0;0;0;0;0,0;60;60;60;60;60;60;60;0,0;42;0;42;0;42;0;42;0,0;43;43;43;43;43;43;43;0,0;44;44;44;0;44;44;44;0,0;0;0;43;43;43;0;0;0,0;0;0;0;42;0;0;0;0
0;0;0;0;0;0;0;0;0,0;0;0;0;0;0;0;0;0,0;0;0;0;0;0;0;0;0,0;40;40;40;40;40;40;40;0,0;0;43;43;0;43;43;0;0,0;0;41;41;41;41;41;0;0,0;44;44;40;44;40;44;44;0,0;43;43;43;43;43;43;43;0,0;0;0;46;46;46;0;0;0
0;0;0;0;0;0;0;0;0,0;0;0;0;0;0;0;0;0,0;0;0;0;0;0;0;0;0,0;33;33;33;33;33;33;33;0,0;0;0;34;0;0;34;0;0,0;0;35;35;35;35;35;35;0,0;70;35;35;35;35;35;35;0,0;0;36;36;36;36;0;36;72,0;0;0;37;37;37;37;37;0
0;0;0;0;0;0;0;0;0,0;0;0;0;0;0;0;0;0,0;0;0;0;0;0;0;0;0,0;60;60;60;60;60;60;60;0,0;0;0;0;0;0;0;0;0,0;48;48;48;0;48;48;48;0,0;48;0;0;0;0;0;48;0,0;48;48;48;48;48;48;48;0,0;48;48;48;48;48;48;48;0
0;0;0;0;0;0;0;0;0,0;0;0;0;0;0;0;0;0,0;0;0;0;0;0;0;0;0,0;44;50;50;50;50;50;44;0,0;50;20;50;0;50;20;50;0,0;50;50;0;48;0;50;50;0,0;50;50;0;48;0;50;50;0,0;50;20;50;0;50;20;50;0,0;44;50;50;50;50;50;44;0
0;0;0;0;0;0;0;0;0,0;0;0;0;0;0;0;0;0,0;0;0;0;0;0;0;0;0,0;46;0;0;0;0;46;0;0,0;47;47;47;47;47;47;0;0,0;48;24;48;48;24;48;0;0,0;48;48;48;48;48;48;48;0,0;49;0;0;0;0;49;49;0,0;49;0;0;0;0;49;49;0
0;0;0;0;0;0;0;0;0,0;0;0;0;0;0;0;0;0,0;0;0;0;0;0;0;0;0,0;70;70;70;70;70;70;70;0,50;50;0;0;50;50;50;50;0,51;0;51;51;0;2;2;51;0,52;0;52;52;52;52;52;52;0,51;51;0;0;0;0;51;51;0,0;70;70;70;70;70;70;0;0
0;0;0;0;0;0;0;0;0,0;0;0;0;0;0;0;0;0,0;0;0;0;0;0;0;0;0,0;58;58;0;58;0;58;58;0,0;58;58;58;58;58;58;58;0,0;58;0;58;2;58;0;58;0,0;58;58;0;0;0;58;58;0,0;58;58;58;58;58;58;58;0,0;0;0;0;0;0;0;0;0,0;116;116;116;116;116;116;116;0
0;0;0;0;0;0;0;0;0,0;0;0;0;0;0;0;0;0,0;0;0;0;0;0;0;0;0,0;70;0;0;0;0;0;70;0,0;70;70;0;70;0;70;70;0,0;0;70;70;0;70;70;0;0,0;0;70;70;0;70;70;0;0,0;70;70;0;70;0;70;70;0,0;70;0;0;0;0;0;70;0
0;0;0;0;0;0;0;0;0,0;0;0;0;0;0;0;0;0,0;0;0;0;0;0;0;0;0,0;65;0;0;0;0;0;65;0,0;65;65;65;65;65;65;65;0,0;64;0;64;64;64;0;64;0,0;0;64;0;32;0;64;0;0,0;65;65;65;65;65;65;65;0,0;0;65;0;65;0;65;0;0
0;0;0;0;0;0;0;0;0,0;0;0;0;0;0;0;0;0,0;0;0;0;0;0;0;0;0,0;58;0;58;58;58;0;58;0,0;116;0;116;116;116;0;116;0,0;58;0;58;0;58;0;58;0,58;0;58;0;0;0;58;0;58,116;0;116;0;0;0;116;0;116,58;0;58;0;0;0;58;0;58
0;0;0;0;0;0;0;0;0,0;0;0;0;0;0;0;0;0,0;0;0;0;0;0;0;0;0,0;0;48;0;0;0;48;0;0,0;0;100;100;100;100;100;0;0,0;0;48;0;48;0;48;0;0,0;0;48;0;48;0;48;0;0,0;0;100;100;100;100;100;0;0,0;0;48;0;0;0;48;0;0
0;0;0;0;0;0;0;0;0,0;0;0;0;0;0;0;0;0,0;0;0;0;0;0;0;0;0,54;54;54;54;54;54;54;54;0,0;53;53;53;0;53;53;53;0,0;0;0;0;0;0;0;0;0,0;53;53;53;0;53;53;53;0,54;54;54;54;54;54;54;54;0,0;0;60;0;0;0;60;0;0
0;0;0;0;0;0;0;0;0,0;0;0;0;0;0;0;0;0,0;0;0;0;0;0;0;0;0,0;59;59;59;59;59;59;59;0,0;58;58;58;0;58;58;58;0,0;0;0;0;0;0;0;0;0,0;0;0;0;0;0;0;0;0,0;59;59;59;59;59;59;59;0,0;58;58;58;0;58;58;58;0
0;0;0;0;0;0;0;0;0,0;0;0;0;0;0;0;0;0,0;0;0;0;0;0;0;0;0,0;63;65;0;64;0;63;0;62,0;63;65;0;64;0;63;0;62,0;63;65;0;64;0;63;0;62,0;63;65;0;64;0;63;0;62,0;63;65;0;64;0;63;0;62,0;63;65;0;64;0;63;0;62
0;0;0;0;0;0;0;0;0,0;0;0;0;0;0;0;0;0,0;0;0;0;0;0;0;0;0,0;0;48;48;48;48;48;0;0,0;0;49;49;49;49;49;0;0,0;50;0;50;0;50;0;50;0,0;51;0;51;0;51;0;51;0,0;0;50;50;50;50;50;0;0,0;0;52;52;52;52;52;0;0
0;0;0;0;0;0;0;0;0,0;0;0;0;0;0;0;0;0,0;0;0;0;0;0;0;0;0,0;47;47;0;47;47;0;0;0,0;48;48;0;48;48;0;0;0,49;49;0;0;0;0;49;49;0,50;50;0;0;0;0;50;50;0,0;49;49;0;49;49;0;0;0,0;52;52;0;52;52;0;0;0
